[[ 4.58407676  2.1431444 ]
 [-2.70146566  8.90287872]
 [-6.75399588 -6.88944874]
 [-8.74950999  7.40771124]]
[0 1 3 3 2 2 0 3 0 2 2 0 0 2 2 2 1 3 2 2 2 2 3 1 3 1 1 2 1 0 2 2 3 3 1 0 3
 0 3 1 2 1 2 2 3 0 0 2 0 1 3 1 3 0 1 1 2 2 1 0 3 0 2 3 3 2 0 1 3 1 1 3 1 2
 0 2 0 1 2 1 1 0 2 3 3 3 3 1 0 3 2 1 0 0 0 3 1 0 2 1 3 3 1 2 1 0 3 2 2 3 0
 2 1 3 1 3 3 1 1 1 3 2 0 3 3 0 1 0 0 1 2 2 1 3 3 0 2 2 1 2 0 1 3 0 0 1 0 3
 2 2 1 3 0 3 2 3 3 0 0 0 1 0 0 3 1 2 0 0 2 0 3 1 2 2 0 2 0 1 1 2 1 2 3 3 3
 1 0 0 0 1 1 2 3 3 1 3 0 1 2 0]
